-400
-350
-300
-250
-200
-150
-100
-80
-60
-50
-40
-30
-20
-15
-14
-13
-12
-11
-10
-9.5
-9
-8.5
-8
-7.5
-7
-6.5
-6
-5.5
-5
-4.5
-4
-3.5
-3
-2.5
-2
-1.8
-1.6
-1.4
-1.2
-1
-0.9
-0.8
-0.7
-0.6
-0.5
-0.4
-0.3
-0.2
-0.1
0
0.1
0.2
0.3
0.4
0.5
0.6
0.7
0.8
0.9
1
1.2
1.4
1.6
1.8
2.0
2.5
3.0
3.5
4.0
4.5
5.0
5.5
6
6.5
7
7.5
8
8.5
9
9.5
10
11
12
13
14
15
20
25
30
35
40
50
60
70
80
90
100
150
200
250
300
350
400
450
500
550
600
650
700
750
800
850
900
950
1000
1100
1200
1300
1400
1500
1600
1700
1800
1900
2000
2200
2400
2600
2800
3000
